MONTH,sum_of_total,rolling_total
2020-03,9628,9628
2020-04,26710,36338
2020-05,25804,62142
2020-06,7627,69769
2020-07,7112,76881
2020-08,1969,78850
2020-09,609,79459
2020-10,450,79909
2020-11,237,80146
2020-12,852,80998
2021-01,6813,87811
2021-02,868,88679
2021-03,47,88726
2021-04,261,88987
2021-06,2434,91421
2021-07,80,91501
2021-08,1867,93368
2021-09,161,93529
2021-10,22,93551
2021-11,2070,95621
2021-12,1200,96821
2022-01,510,97331
2022-02,3685,101016
2022-03,5714,106730
2022-04,4128,110858
2022-05,12985,123843
2022-06,17394,141237
2022-07,16238,157475
2022-08,13055,170530
2022-09,5881,176411
2022-10,20471,196882
2022-11,53594,250476
2022-12,10664,261140
2023-01,89709,350849
2023-02,39902,390751
2023-03,37963,428714
2023-04,20100,448814
2023-05,15127,463941
2023-06,11206,475147
2023-07,10690,485837
2023-08,10178,496015
2023-09,4707,500722
2023-10,8076,508798
2023-11,8373,517171
2023-12,8189,525360
2024-01,34137,559497
2024-02,15639,575136
2024-03,7403,582539
2024-04,22423,604962
2024-05,11011,615973
2024-06,10083,626056
2024-07,9051,635107
2024-08,25944,661051
2024-09,3941,664992
2024-10,3659,668651
2024-11,5715,674366
